318 0 0 0 0.012298419016693141 run1
318 0 1 0 0.024291673168936285 run1
318 0 2 0 0.8908700225597675 run1
318 0 3 0 0.0199153093886544 run1
318 0 4 0 0.046255896434639045 run1
318 0 5 0 0.0492996534167831 run1
318 0 6 0 0.10355063430853576 run1
318 0 7 0 0.03876098353989014 run1
318 0 8 0 0.013040605627398947 run1
318 0 9 0 0.8908700225597675 run1
318 0 10 0 0.8908700225597675 run1
318 0 11 0 0.046208033152142586 run1
318 0 12 0 0.09251965972276711 run1
318 0 13 0 0.8908700225597675 run1
318 0 14 0 0.007364885430291865 run1
318 0 15 0 0.016685704033483743 run1
318 0 16 0 0.033383888087032174 run1
318 0 17 0 0.10866898552361455 run1
318 0 18 0 0.007364885430291865 run1
318 0 19 0 0.09940370376265585 run1
318 0 20 0 0.00747053923244912 run1
318 0 21 0 0.0573844902696496 run1
318 0 22 0 0.04520137100210273 run1
318 0 23 0 0.10246674725209068 run1
318 0 24 0 0.8908700225597675 run1
318 0 25 0 0.007364885430291865 run1
318 0 26 0 0.022090318980226686 run1
318 0 27 0 0.01591469283742524 run1
318 0 28 0 0.026987539664993752 run1
318 0 29 0 0.0729136003621555 run1
318 0 30 0 0.014240425260964886 run1
318 0 31 0 0.09700529888223075 run1
318 0 32 0 0.0632344426660592 run1
318 0 33 0 0.07013607186013204 run1
318 0 34 0 0.07976570803020355 run1
318 0 35 0 0.14503869811166706 run1
318 0 36 0 0.10532826295874462 run1
318 0 37 0 0.08127536751936003 run1
318 0 38 0 0.027910076861595554 run1
318 0 39 0 0.02318327972516752 run1
318 0 40 0 0.006809419471369647 run1
318 0 41 0 0.03031991078379265 run1
318 0 42 0 0.007364885430291865 run1
318 0 43 0 0.008035744848225366 run1
318 0 44 0 0.016913684044297016 run1
318 0 45 0 0.014746646969274621 run1
318 0 46 0 0.016081556926668527 run1
318 0 47 0 0.03546649979096637 run1
318 0 48 0 0.011934621178172138 run1
318 0 49 0 0.03250862688482674 run1
318 0 50 0 0.09095683498080433 run1
318 0 51 0 0.09152058336514968 run1
318 0 52 0 0.007364885430291865 run1
318 0 53 0 0.007364885430291865 run1
318 0 54 0 0.02967788213581466 run1
318 0 55 0 0.02291957040995418 run1
318 0 56 0 0.010615056392860452 run1
318 0 57 0 0.028847237072307526 run1
318 0 58 0 0.1008954573814876 run1
318 0 59 0 0.052710940874579164 run1
318 0 60 0 0.8908700225597675 run1
318 0 61 0 0.03547102898882839 run1
318 0 62 0 0.013398210697043472 run1
318 0 63 0 0.06110839968719264 run1
318 0 64 0 0.8908700225597675 run1
318 0 65 0 0.041777427245211565 run1
318 0 66 0 0.0238253481819182 run1
318 0 67 0 0.007364885430291865 run1
318 0 68 0 0.12555230626383787 run1
318 0 69 0 0.056507896522663054 run1
318 0 70 0 0.04027180631116791 run1
318 0 71 0 0.007364885430291865 run1
318 0 72 0 0.02989608095463925 run1
318 0 73 0 0.07836053600168699 run1
318 0 74 0 0.0530014804522427 run1
318 0 75 0 0.06476690099709656 run1
318 0 76 0 0.007364885430291865 run1
318 0 77 0 0.007364885430291865 run1
318 0 78 0 0.08355974043446211 run1
318 0 79 0 0.04926041576204701 run1
318 0 80 0 0.04117505674015002 run1
318 0 81 0 0.02808609184892011 run1
318 0 82 0 0.02508557882482077 run1
318 0 83 0 0.04740529048720411 run1
318 0 84 0 0.10743123577472424 run1
318 0 85 0 0.09640748481968053 run1
318 0 86 0 0.025448905251029087 run1
318 0 87 0 0.03653007750068437 run1
318 0 88 0 0.014872772640640098 run1
318 0 89 0 0.007364885430291865 run1
318 0 90 0 0.03511945913693395 run1
318 0 91 0 0.011568876259532887 run1
318 0 92 0 0.04813556088617926 run1
318 0 93 0 0.8908700225597675 run1
318 0 94 0 0.007364885430291865 run1
318 0 95 0 0.007364885430291865 run1
318 0 96 0 0.03699787438338863 run1
318 0 97 0 0.03255290442085086 run1
318 0 98 0 0.04148079394132273 run1
318 0 99 0 0.07202006792248875 run1